filename,category,reasoning,link
